5000 5000 5000 5000 5000 5000 5000 5000 5000 5000 5000 5000 5000 5000 5000 5000 5000 5000 5000 5000 
5000 4984 4970 4956 4943 4932 4923 4915 4911 4908 4908 4911 4915 4923 4932 4943 4956 4970 4984 5000 
5000 4969 4939 4910 4885 4862 4844 4829 4819 4814 4814 4819 4829 4844 4862 4885 4910 4939 4969 5000 
5000 4952 4906 4863 4823 4789 4760 4738 4723 4716 4716 4723 4738 4760 4789 4823 4863 4906 4952 5000 
5000 4934 4871 4811 4757 4710 4671 4640 4620 4610 4610 4620 4640 4671 4710 4757 4811 4871 4934 5000 
5000 4914 4832 4754 4684 4623 4572 4533 4506 4493 4493 4506 4533 4572 4623 4684 4754 4832 4914 5000 
5000 4892 4788 4690 4602 4525 4461 4412 4380 4363 4363 4380 4412 4461 4525 4602 4690 4788 4892 5000 
5000 4866 4737 4617 4508 4413 4336 4277 4236 4216 4216 4236 4277 4336 4413 4508 4617 4737 4866 5000 
5000 4836 4678 4531 4399 4285 4192 4121 4074 4050 4050 4074 4121 4192 4285 4399 4531 4678 4836 5000 
5000 4801 4609 4431 4273 4137 4026 3943 3887 3859 3859 3887 3943 4026 4137 4273 4431 4609 4801 5000 
5000 4758 4526 4312 4123 3963 3834 3737 3672 3640 3640 3672 3737 3834 3963 4123 4312 4526 4758 5000 
5000 4705 4424 4168 3944 3758 3609 3498 3425 3389 3389 3425 3498 3609 3758 3944 4168 4424 4705 5000 
5000 4639 4298 3992 3729 3514 3346 3222 3142 3102 3102 3142 3222 3346 3514 3729 3992 4298 4639 5000 
5000 4552 4136 3771 3467 3224 3038 2904 2817 2775 2775 2817 2904 3038 3224 3467 3771 4136 4552 5000 
5000 4435 3923 3491 3144 2876 2678 2538 2449 2406 2406 2449 2538 2678 2876 3144 3491 3923 4435 5000 
5000 4265 3630 3125 2742 2460 2259 2121 2034 1993 1993 2034 2121 2259 2460 2742 3125 3630 4265 5000 
5000 3997 3206 2636 2239 1964 1776 1652 1575 1539 1539 1575 1652 1776 1964 2239 2636 3206 3997 5000 
5000 3518 2560 1976 1613 1381 1231 1134 1076 1049 1049 1076 1134 1231 1381 1613 1976 2560 3518 5000 
5000 2515 1542 1093 856 717 631 578 546 532 532 546 578 631 717 856 1093 1542 2515 5000 
5000 0 0 0 0 0 0 0 0 0 0 0 0 0 0 0 0 0 0 0 
no. of iterations : 724
